    0
 T=  0.000 S= 1.0223070 V= 1.0000000 X= 0.00000 Y= 0.46280 Z= 0.00000

 T=  0.000 D= 0.0000000 thmax=   45.0000 thmin=  135.0000

 ndiv    =  2
 cont_an =  0.6000
 visc1   =    1.00000
 visc2   =    0.50000
 tinit   = 10.0000
 shrt    =  1.0000


 mint    =  13
 NGL     =   6
 DT      = 0.001000
 RUNGE   = 2
 Move    = 1
 Norm    = 1
 Isym_xy = 0

