           0   0.0000000000000000       restart data
    0


 ndiv    =  0
 cont_an =  0.0000
 visc1   =    0.00000
 visc2   =    0.00000
 tinit   =  0.0000
 shrt    =  0.0000


 mint    =   0
 NGL     =   0
 DT      = 0.000000
 RUNGE   = 0
 Move    = 0
 Norm    = 0
 Isym_xy = 0

