           0  time, surf_ar, vol, cx, cy, cz
           0
           0  time, D, thmax, thmin
           0

 ndiv    =  0
 cont_an =  0.0000
 visc1   =    0.00000
 visc2   =    0.00000
 tinit   =  0.0000
 shrt    =  0.0000


 mint    =   0
 NGL     =   0
 DT      = 0.000000
 RUNGE   = 0
 Move    = 0
 Norm    = 0
 Isym_xy = 0

